"an x", 5, 17, 10, 4, 10, 17
"small H", 5, 8,8,14,10,10
"Ladder", 5, 0,1,3,15,31
"Ladder", 5, 0,1,3,7,15
"Going down", 5, 0,16,24,28,30
"dummy 1", 5, 1,12,13,30,1
"telaro", 5, 14,17,17,17,14
"another X", 5, 17,10,4,10,17
"a slash", 5, 16,8,4,2,1
"a normal slash", 5, 1,2,4,8,16
"equal sign", 5, 0,14,0,14,0
"chekers board", 5, 21,10,21,10,21
"capital Q", 5, 12,18,18,12,3
"A gate", 5, 31,17,17,17,17
"pi", 5, 0,31,10,10,11
"window", 7, 127,65,65,127,65,65,127
"s", 7, 30,32,32,28,2,2,60
"capital K", 7, 34,36,40,48,40,36,34
"capital A", 7, 8,20,20,34,62,65,65
"small g", 7, 60,66,66,66,62,2,14
