"An x", 5, 17, 10, 4, 10, 17
"The small H", 5, 8,8,14,10,10
"A Ladder", 5, 0,1,3,15,31
"A Ladder", 5, 0,1,3,7,15
"Going down", 5, 0,16,24,28,30
"dummy 1", 5, 1,12,13,30,1
"to telaro", 5, 14,17,17,17,14
"Another X", 5, 17,10,4,10,17
"A back slash", 5, 16,8,4,2,1
"A normal slash", 5, 1,2,4,8,16
"The equal sign", 5, 0,14,0,14,0
"chekers board", 5, 21,10,21,10,21
"The capital Q", 5, 12,18,18,12,3
"A gate", 5, 31,17,17,17,17
"pi", 5, 0,31,10,10,11
"A window", 7, 127,65,65,127,65,65,127
"An s", 7, 30,32,32,28,2,2,60
"The capital K", 7, 34,36,40,48,40,36,34
"The capital A", 7, 8,20,20,34,62,65,65
"A small g", 7, 60,66,66,66,62,2,14
